18
6 2
60 173
193 326
0 0.000000 16711680 255 0
6 2
218 164
53 302
0 0.000000 16711680 255 0
7 1
138 457
0 0.000000 16711680 65535 4
8 1
120 727
0 0.000000 16711680 65280 2
9 1
388 266
0 0.000000 16711680 65280 1
10 1
387 462
0 0.000000 16711680 65280 1
11 2
291 889
541 639
0 0.000000 16711808 65280 -1
12 2
591 345
764 184
0 0.000000 16711808 65280 -1
13 3
636 540
717 433
783 501
0 0.000000 16711808 65280 1
13 16
686 679
694 601
734 664
774 589
777 672
847 668
808 728
879 751
791 768
790 832
755 779
724 836
722 774
650 774
723 727
650 696
0 0.000000 16711808 65280 2
15 17
820 247
895 315
984 282
1008 217
1035 155
1058 87
1076 64
1123 46
1184 63
1209 94
1236 145
1283 201
1328 198
1440 164
1492 111
1517 53
1578 31
0 0.200000 16711808 65280 2
15 9
836 376
978 477
1071 358
1154 250
1285 315
1366 358
1467 261
1530 166
1690 166
0 0.200000 16711808 16744448 1
18 1
1070 730
106 0.000000 255 16744448 4
18 1
1281 721
170 0.000000 255 16744448 4
18 1
1112 728
0 0.000000 255 16744448 -1
18 1
1635 533
115 0.000000 255 16744448 4
18 1
1636 535
62 0.000000 255 16744448 4
18 1
1635 533
0 0.000000 255 16744448 -1
